3.48
0.6
0.272
0.167
0.218
0.008
2.13
0.399
0.6177894736842106
0.6177894736842106
0.1
0.808
0.808
0.111
0.138
0.398
0.276
0.098
0.6177894736842106
0.6177894736842106
0.6177894736842106
0.6177894736842106
0.6177894736842106
0.6177894736842106
0.6177894736842106
0.6177894736842106
0.6177894736842106
0.6177894736842106
0.6177894736842106
0.6177894736842106
0.6177894736842106
0.6177894736842106
0.6177894736842106
0.6177894736842106
0.052425
1.932648401111111
0.6177894736842106
0.6177894736842106
0.6177894736842106
0.6177894736842106
0.6177894736842106
0.6177894736842106
0.052425
0.6177894736842106
0.6177894736842106
0.6177894736842106
0.6177894736842106
0.6177894736842106
0.6177894736842106
0.6177894736842106
0.6177894736842106
0.6177894736842106
0.6177894736842106
0.6177894736842106
0.6177894736842106
0.6177894736842106
0.6177894736842106
0.052425
0.6177894736842106
0.6177894736842106
0.6177894736842106
0.6177894736842106
0.6177894736842106
0.6177894736842106
0.6177894736842106
0.6177894736842106
0.6177894736842106
0.6177894736842106
0.6177894736842106
0.6177894736842106
0.6177894736842106
5.19e-6
0.1
0.0
0.0
1.0
0.0
0.0
0.0
0.0
0.0
0.0
0.0
0.0
0.0
0.0
0.0
0.0
0.0
0.0
0.0
0.0
0.0
0.0
0.0
0.0
0.0
0.0
1.6
35.9
0.6177894736842106
0.0
12.31
0.0
0.0
1.3133777
0.22992125
0.16955314
1.0168719
0.15052308
0.073559222
0.67333166
0.24777684
0.0
0.74300613
0.1155795
0.13664728
0.0
2.635901
3.1155022
1.8482848
1.5794221
1.8111495
2.2098124
1.7722675
2.199977
1.4064041
1.8478653
2.090608
2.1839539
1.7245703
1.1150582
1.9889952
1.9364745
2.3361078
170.0
0.98531742
0.052425
0.052425
0.052425
0.052425
0.052425
0.0001
55000.0
1.47
0.1
0.195
0.062
1.0
1.0
1.0
1.0
1.0
1.0
1.0
1.0
1.0
1.0
1.0
1.0
1.0
1.0
1.0
1.0
1.0
1.0
1.0
1.0
1.0
1.0
1.0
1.0
1.0
1.0
1.0
1.0
1.0
1.0
1.0
1.0
1.0
1.0
1.0
1.0
1.0
1.0
1.0
1.0
1.0
1.0
1.0
1.0
1.0
1.0
1.0
1.0
1.0
1.0
1.0
1.0
1.0
1.0
1.0
1.0
1.0
1.0
1.0
1.0
1.0
1.0
1.0
1.0
1.0
1.0
1.0
1.0
1.0
1.0
1.0
1.0
1.0
1.0
1.0
1.0
1.0
1.0
1.0
1.0
1.0
1.0
1.0
1.0
1.0
1.0
1.0
1.0
1.0
1.0
1.0
1.0
1.0
1.0
1.0
1.0
1.0
1.0
1.0
1.0
1.0
1.0
1.0
1.0
1.0
1.0
1.0
1.0
1.0
1.0
1.0
1.0
1.0
1.0
1.0
1.0
1.0
1.0
1.0
1.0
1.0
1.0
1.0
1.0
1.0
1.0
1.0
1.0
1.0
1.0
1.0
1.0
1.0
1.0
1.0
1.0
1.0
1.0
1.0
1.0
1.0
1.0
1.0
1.0
1.0
1.0
1.0
1.0
1.0
1.0
1.0
1.0
1.0
1.0
1.0
1.0
1.0
1.0
1.0
1.0
1.0
1.0
1.0
1.0
1.0
1.0
1.0
1.0
1.0
1.0
1.0
1.0
1.0
1.0
1.0
1.0
1.0
1.0
1.0
1.0
1.0
1.0
1.0
1.0
1.0
1.0
1.0
1.0
1.0
1.0
1.0
1.0
1.0
1.0
1.0
1.0
1.0
1.0
1.0
1.0
1.0
1.0
1.0
1.0
